1 1 3 2 2 1
1 2 2 2 3 1
1 3 3 2 1 1
1 4 3 5 2 1
1 5 3 3 2 1
1 6 11 4 1 1
1 7 3 1 1 1
1 8 3 4 1 1
1 9 3 4 1 1
1 10 3 1 3 1
2 11 3 3 1 2
2 12 3 4 2 2
2 13 3 3 2 1
2 14 3 5 2 1
2 15 5 5 1 1
2 16 5 4 2 1
2 1 3 4 1 1
2 17 11 5 2 1
2 18 12 5 1 1
2 19 3 5 2 1
2 20 4 1 1 1
2 21 10 5 2 1
2 22 10 3 2 1
2 23 3 1 2 1
2 24 11 5 1 1
2 25 3 5 2 1
2 26 3 3 1 1
2 27 3 5 2 1
2 28 3 4 2 1
2 29 3 2 1 1
2 30 2 4 2 1
2 31 10 5 1 1
2 32 13 5 2 1
2 33 3 1 2 1
2 34 10 4 2 1
2 35 10 5 2 1
2 36 10 3 2 1
2 37 10 5 2 1
2 38 3 1 2 1
2 39 14 3 2 1
2 40 10 2 1 1
2 41 4 4 1 1
3 42 9 5 3 1
3 43 13 4 1 1
3 44 9 5 3 1
3 45 15 5 3 1
3 46 15 4 1 1
3 47 15 4 3 1
3 48 2 5 3 1
3 49 11 2 3 1
3 50 10 5 3 1
3 51 1 4 3 1
3 52 11 4 3 1
3 53 10 5 3 1
3 54 11 3 3 1
3 55 11 5 1 1
3 56 11 5 3 1
3 57 15 4 1 1
4 58 5 4 1 1
4 59 3 4 3 1
4 60 5 2 1 1
4 61 5 5 2 1
4 62 5 4 1 1
4 63 4 3 1 1
4 64 5 4 2 1
4 65 5 4 1 1
4 66 5 4 2 1
4 67 5 5 1 1
4 68 7 3 2 1
4 65 5 5 1 1
4 69 10 3 1 1
4 70 10 4 1 1
4 71 17 3 1 1
5 72 4 4 1 1
5 73 4 5 3 1
5 74 4 4 3 1
5 75 19 4 1 1
5 76 4 5 1 1
5 77 17 5 2 1
5 78 17 5 3 1
5 79 19 4 3 1
5 80 19 5 1 1
5 81 11 5 1 1
5 82 19 5 1 1
5 83 19 2 2 1
6 84 15 4 4 6
6 85 15 5 3 3
6 86 15 5 1 3
6 87 15 5 1 3
6 88 15 5 3 3
6 89 15 5 1 3
6 90 5 5 3 3
6 91 17 5 3 2
6 92 3 5 3 2
6 93 15 5 3 2
6 94 15 5 1 2
6 95 15 5 1 2
6 96 17 5 2 2
6 97 2 5 3 1
6 98 4 5 3 1
6 99 10 5 3 1
6 100 3 5 2 1
6 101 15 5 2 1
6 102 3 2 2 1
6 103 19 4 2 1
6 104 3 5 2 1
6 105 17 5 3 1
6 106 17 4 2 1
6 107 15 5 2 1
6 108 19 4 2 1
6 109 17 4 2 1
6 110 15 5 2 1
6 111 3 5 2 1
6 112 15 5 3 1
6 113 10 5 2 1
6 114 15 4 2 1
6 115 15 5 2 1
7 116 3 4 2 1
7 117 3 5 2 1
7 118 11 2 2 1
7 119 9 5 2 1
7 120 7 4 2 1
7 112 15 5 1 1
7 121 9 5 2 1
7 122 1 2 2 1
7 123 2 5 2 1
7 124 9 3 1 1
7 125 9 4 2 1
7 126 5 5 2 1
7 127 1 2 2 1
7 128 2 5 1 1
7 129 3 4 2 1
8 130 18 5 2 11
8 131 8 4 2 11
8 132 18 1 1 11
8 133 3 4 2 5
8 134 4 4 2 5
8 135 4 2 2 5
8 136 10 3 2 5
8 137 4 4 2 5
8 138 4 5 2 3
8 139 4 1 2 3
8 140 4 3 2 3
8 141 10 1 2 3
8 142 3 1 2 3
8 143 18 2 2 3
8 144 10 4 2 2
8 145 3 3 3 2
8 146 3 1 2 2
8 147 15 5 2 1
8 148 10 5 2 1
8 149 11 5 2 1
8 150 6 5 2 1
8 151 11 1 2 1
8 152 3 4 1 1
8 153 3 4 2 1
8 154 3 5 2 1
8 155 3 1 2 1
8 156 15 4 2 1
8 157 15 3 1 1
8 158 8 5 2 1
8 117 3 2 2 1
8 159 11 5 1 1
8 160 10 3 2 1
8 161 16 5 1 1
8 162 8 5 1 1
8 163 3 5 2 1
8 164 10 5 2 1
8 165 11 5 1 1
8 166 11 5 1 1
8 167 11 1 1 1
8 168 11 4 2 1
8 169 8 3 2 1
9 170 10 5 3 1
9 171 10 4 1 1
9 172 10 1 3 1
9 173 12 5 3 1
9 174 10 4 3 1
9 175 10 4 1 1
9 176 11 5 3 1
9 177 11 4 3 1
9 178 19 5 1 1
9 179 19 4 3 1
9 180 19 5 3 1
9 181 14 4 2 1
9 182 11 4 1 1
9 183 10 4 3 1
9 184 16 1 3 1
9 185 17 5 2 1
9 186 14 4 2 1
10 187 10 5 2 1
10 174 10 4 1 1
10 188 11 5 1 1
10 189 10 5 3 1
10 190 10 5 1 1
10 191 16 4 2 1
10 192 14 4 3 1
10 193 10 4 1 1
10 194 17 4 2 1
10 195 16 4 2 1
10 196 10 4 3 1
11 197 7 4 2 2
11 198 10 5 2 1
11 199 17 4 1 1
11 200 7 5 2 1
11 201 9 5 1 1
11 202 10 5 2 1
11 203 7 5 1 1
11 204 16 5 2 1
11 205 7 5 2 1
11 204 16 5 2 1
11 206 7 5 2 1
11 207 15 5 1 1
12 208 10 4 1 5
12 9 3 5 2 1
12 209 11 4 2 1
12 210 12 4 1 1
12 211 15 5 2 1
12 212 10 5 1 1
12 213 10 5 2 1
12 214 10 5 1 1
13 215 12 1 2 1
13 216 4 5 2 1
13 217 4 4 2 1
13 218 4 5 2 1
13 219 4 4 3 1
13 220 4 5 2 1
13 221 16 4 2 1
13 222 19 3 2 1
13 223 19 5 1 1
13 224 19 3 2 1
13 225 3 3 1 1
13 226 19 5 2 1
13 227 15 5 2 1
13 228 4 5 1 1
14 229 7 1 3 3
14 230 19 3 3 2
14 231 19 3 1 1
14 232 19 4 3 1
14 233 19 2 1 1
14 234 8 3 1 1
14 235 8 4 3 1
14 236 15 4 1 1
14 237 7 4 1 1
14 238 7 4 1 1
14 239 7 2 1 1
14 240 7 5 1 1
14 241 8 4 1 1
14 242 8 4 1 1
15 243 3 3 1 3
15 244 3 5 2 2
15 245 3 2 2 1
15 246 9 3 2 1
15 28 3 5 2 1
15 247 12 5 1 1
15 100 3 3 2 1
15 248 12 5 2 1
15 249 19 2 2 1
15 250 3 4 2 1
16 251 20 5 2 11
16 252 20 5 2 11
16 253 20 5 2 11
16 183 10 1 2 10
16 254 9 5 2 10
16 255 1 5 2 9
16 256 7 5 1 8
16 257 7 5 2 8
16 258 9 4 1 7
16 259 3 5 1 6
16 260 10 4 2 6
16 261 10 1 2 5
16 262 10 2 3 5
16 263 7 4 2 5
16 264 9 5 1 4
16 265 9 5 1 4
16 266 6 5 2 4
16 267 6 1 2 4
16 268 9 4 2 3
16 269 21 5 1 3
16 270 6 1 2 2
16 271 10 1 2 2
16 272 7 4 2 1
16 273 18 4 2 1
16 274 6 5 2 1
16 275 15 4 2 1
16 276 6 4 2 1
16 277 6 1 1 1
16 278 11 4 1 1
16 279 11 4 1 1
16 280 1 4 1 1
17 281 10 4 2 2
17 282 15 5 2 2
17 283 10 5 2 2
17 284 7 4 2 2
17 285 8 4 1 2
17 286 4 5 1 2
17 287 22 5 1 2
17 288 22 4 2 2
17 289 22 4 2 2
17 290 15 5 2 2
17 291 18 5 2 2
17 292 18 1 2 2
17 293 18 5 2 2
17 294 18 2 2 2
17 295 18 5 1 2
17 296 18 4 2 2
17 297 7 1 1 2
17 298 7 4 1 2
17 299 7 5 1 2
17 300 9 1 1 2
17 301 17 5 1 2
17 302 17 5 2 2
17 303 10 2 2 2
17 304 4 2 1 2
17 305 17 5 2 2
17 306 17 4 2 2
17 307 11 3 2 2
17 308 11 4 3 2
17 309 10 1 2 2
17 310 10 5 2 2
17 311 10 4 2 2
17 312 10 5 2 2
17 313 10 2 2 2
17 314 10 4 1 2
17 315 18 4 2 1
17 316 9 4 2 1
17 317 9 3 2 1
17 318 10 5 2 1
17 319 10 5 2 1
17 320 19 3 3 1
17 321 8 5 1 1
17 322 3 4 2 1
17 323 3 1 1 1
17 324 18 5 2 1
17 325 11 5 2 1
17 326 10 4 1 1
17 327 17 5 2 1
17 328 12 4 1 1
17 329 12 4 2 1
17 330 9 3 1 1
17 331 13 5 2 1
17 332 1 2 2 1
17 333 9 4 3 1
17 334 10 4 1 1
17 335 10 4 2 1
17 336 10 5 2 1
17 337 10 5 2 1
17 338 10 4 2 1
17 339 10 4 2 1
17 340 10 4 2 1
17 341 10 5 2 1
17 342 10 3 1 1
17 343 10 5 2 1
17 344 15 5 1 1
17 345 15 4 2 1
17 346 10 5 1 1
17 347 4 5 3 1
17 348 4 4 1 1
17 349 16 5 1 1
17 161 16 5 1 1
18 350 3 2 1 3
18 351 10 3 2 2
18 352 5 5 3 2
18 353 16 4 1 1
18 354 10 3 3 1
18 355 9 5 2 1
18 356 9 4 2 1
18 357 7 5 3 1
18 358 15 4 2 1
18 359 2 4 2 1
18 360 15 4 2 1
18 361 16 2 2 1
18 362 11 2 3 1
18 363 12 4 2 1
18 364 3 4 2 1
18 365 3 4 1 1
18 366 9 4 1 1
18 367 6 5 2 1
18 368 11 4 3 1
18 369 1 5 2 1
18 370 10 4 3 1
18 371 10 5 1 1
18 141 10 4 1 1
18 372 10 1 2 1
18 373 10 5 2 1
18 374 1 5 2 1
18 375 12 5 2 1
18 376 3 3 2 1
18 377 1 4 1 1
18 378 6 1 1 1
18 379 6 5 1 1
18 380 2 2 2 1
18 381 3 5 3 1
18 382 7 4 2 1
19 383 8 5 2 1
19 384 16 5 2 1
19 111 3 5 2 1
19 385 3 5 2 1
19 100 3 5 2 1
19 386 14 2 2 1
19 386 14 5 2 1
19 387 14 5 2 1
19 388 15 4 2 1
19 389 15 5 3 1
19 390 16 4 2 1
19 391 11 2 3 1
19 392 10 5 1 1
19 393 7 5 3 1
19 394 7 5 2 1
19 395 15 5 2 1
20 396 10 4 2 5
20 397 10 3 2 4
20 398 10 4 2 4
20 399 10 3 1 4
20 400 10 4 1 4
20 401 10 4 1 4
20 402 10 4 2 3
20 403 10 2 2 3
20 404 10 5 2 2
20 405 13 2 2 2
20 406 10 4 1 2
20 407 9 2 2 2
20 408 10 3 2 1
20 409 10 4 1 1
20 410 10 2 2 1
20 411 10 4 1 1
20 412 10 5 2 1
20 413 10 4 1 1
20 414 15 3 2 1
20 415 15 4 1 1
21 416 4 4 1 1
21 417 4 5 2 1
21 418 10 1 2 1
21 419 4 5 1 1
21 420 4 5 2 1
21 421 4 5 2 1
21 422 4 4 2 1
21 423 4 5 2 1
21 424 4 5 2 1
21 425 4 5 1 1
21 426 5 3 1 1
21 427 3 5 1 1
21 428 3 5 2 1
21 429 4 4 1 1
21 430 4 5 2 1
22 411 10 2 3 1
22 431 10 5 3 1
22 432 17 5 3 1
22 433 17 5 1 1
22 434 17 1 3 1
22 435 17 5 1 1
22 436 17 4 3 1
22 437 17 4 3 1
22 438 17 2 3 1
22 439 17 4 3 1
22 440 11 1 5 1
22 441 11 4 3 1
22 442 11 1 1 1
22 443 11 5 3 1
22 444 10 1 3 1
22 445 10 5 3 1
22 446 2 3 3 1
22 447 3 5 3 1
22 448 8 5 3 1
22 449 11 1 3 1
22 450 11 1 3 1
22 451 14 1 3 1
22 452 12 5 3 1
22 453 12 1 3 1
22 454 12 5 3 1
22 455 5 5 3 1
22 456 5 5 3 1
22 457 5 2 3 1
22 458 5 5 3 1
22 459 5 5 3 1
22 460 17 5 1 1
22 461 2 2 3 1
22 462 2 5 1 1
22 463 17 5 1 1
22 464 12 5 3 1
22 465 17 4 1 1
22 181 14 5 3 1
22 466 2 5 3 1
22 467 2 4 3 1
22 468 5 5 1 1
22 469 5 5 1 1
22 155 3 4 3 1
22 470 5 5 3 1
22 471 5 4 3 1
22 472 5 4 3 1
23 473 1 1 1 1
23 474 15 4 1 1
23 475 19 4 3 1
23 476 19 2 3 1
23 477 19 4 2 1
23 478 9 4 1 1
23 479 10 5 3 1
23 480 5 5 1 1
23 481 17 5 3 1
23 183 10 5 2 1
23 482 3 3 1 1
23 66 5 4 1 1
24 483 3 2 1 5
24 484 2 5 1 3
24 485 2 5 1 2
24 486 2 5 2 1
24 487 19 5 1 1
24 488 3 4 1 1
24 489 12 5 1 1
24 490 3 5 2 1
24 100 3 5 2 1
24 491 2 4 1 1
24 492 3 5 2 1
24 48 2 5 2 1
24 493 2 4 1 1
24 128 2 4 3 1
24 494 2 3 1 1
24 495 2 5 3 1
24 496 2 5 1 1
25 497 3 5 2 1
25 498 1 1 2 1
25 499 3 5 2 1
25 500 3 4 2 1
25 501 3 5 3 1
25 502 3 4 2 1
25 503 10 3 3 1
25 504 3 4 3 1
25 488 3 3 2 1
25 505 3 4 3 1
25 506 3 4 3 1
25 507 3 1 2 1
25 508 1 4 3 1
26 509 18 4 1 1
26 75 19 4 1 1
26 224 19 4 3 1
26 510 19 5 1 1
26 511 19 4 2 1
26 512 18 4 1 1
26 513 19 4 1 1
26 514 19 4 1 1
26 515 8 5 2 1
26 516 19 4 1 1
26 517 8 4 1 1
27 518 15 4 3 2
27 519 3 4 1 2
27 520 9 4 2 2
27 521 7 4 2 1
27 522 7 5 1 1
27 523 18 3 1 1
27 524 18 5 2 1
27 525 18 4 1 1
27 526 7 4 2 1
27 527 16 5 2 1
27 527 16 5 2 1
27 527 16 5 2 1
27 528 6 4 1 1
27 529 6 4 2 1
27 530 6 4 1 1
27 531 5 4 2 1
27 532 17 3 1 1
27 533 17 5 1 1
27 534 1 4 2 1
27 535 6 4 2 1
27 536 2 5 2 1
27 537 9 4 1 1
27 538 15 4 1 1
28 539 16 4 1 5
28 540 10 4 2 2
28 541 15 2 2 1
28 542 17 5 2 1
28 543 3 5 2 1
28 544 10 2 2 1
28 545 19 5 2 1
28 546 6 5 2 1
28 547 4 5 2 1
28 548 16 4 1 1
28 549 11 5 3 1
28 550 17 5 2 1
28 551 17 5 2 1
28 551 17 5 2 1
28 552 15 4 1 1
28 553 3 5 1 1
28 535 6 5 2 1
28 548 16 4 2 1
28 554 16 4 2 1
28 555 6 4 2 1
28 556 10 5 1 1
28 557 6 1 3 1
28 558 15 4 3 1
28 559 16 5 2 1
29 560 9 5 1 6
29 561 8 4 2 5
29 562 2 4 2 5
29 563 7 5 1 5
29 564 8 3 2 5
29 565 10 3 1 4
29 566 17 5 1 4
29 567 17 5 2 3
29 568 9 5 2 2
29 569 7 4 2 2
29 570 13 5 2 1
29 571 11 5 2 1
29 572 15 5 2 1
29 573 2 4 2 1
29 574 18 4 2 1
29 575 7 4 2 1
29 43 13 4 2 1
29 576 9 4 2 1
29 577 10 3 2 1
29 578 7 4 2 1
29 579 9 4 2 1
29 580 9 5 2 1
29 581 7 4 2 1
29 582 9 4 2 1
29 583 9 3 2 1
29 584 13 4 2 1
29 585 7 3 1 1
29 586 7 4 2 1
29 587 17 4 2 1
29 588 9 4 2 1
29 589 7 3 2 1
29 590 17 4 2 1
29 522 7 4 2 1
29 591 7 4 2 1
29 592 7 4 2 1
29 593 7 4 2 1
29 594 13 4 2 1
29 591 7 4 2 1
29 595 7 4 2 1
29 596 7 3 2 1
29 597 2 4 2 1
29 598 11 4 3 1
29 599 7 1 2 1
29 600 7 4 2 1
29 601 10 4 2 1
29 602 15 5 1 1
29 603 7 3 2 1
29 604 9 5 2 1
29 605 9 5 2 1
29 606 9 4 2 1
30 607 15 5 1 3
30 608 3 5 3 3
30 609 3 5 3 3
30 610 3 5 3 3
30 611 11 5 1 2
30 612 3 3 3 2
30 613 3 5 1 2
30 614 11 5 1 2
30 615 3 5 2 1
30 616 11 5 2 1
30 617 11 5 2 1
30 618 18 5 2 1
30 619 22 4 1 1
30 620 8 5 1 1
30 621 18 1 1 1
30 622 11 3 2 1
30 623 3 5 1 1
30 624 22 5 1 1
31 625 10 5 1 1
31 626 17 5 1 1
31 627 10 5 1 1
31 628 17 5 2 1
31 629 15 5 2 1
31 630 10 4 2 1
31 631 10 4 2 1
31 632 1 1 2 1
31 633 1 4 2 1
31 634 7 5 2 1
31 635 7 4 2 1
31 636 7 4 1 1
31 637 10 4 2 1
32 638 3 5 3 3
32 639 5 5 3 3
32 640 3 5 3 3
32 641 18 5 3 2
32 642 10 5 3 2
32 642 10 5 1 2
32 643 3 2 3 2
32 644 11 5 3 2
32 645 3 3 1 2
32 646 3 3 1 2
32 647 3 5 1 2
32 648 3 5 3 2
32 649 3 2 1 2
32 381 3 4 3 2
32 650 3 5 3 1
32 651 3 4 3 1
32 652 3 5 3 1
32 653 10 5 1 1
32 151 11 3 1 1
32 654 3 5 3 1
32 655 3 3 3 1
32 656 22 5 3 1
32 657 11 4 3 1
32 658 3 3 3 1
32 659 3 3 1 1
32 660 4 5 1 1
32 505 3 4 2 1
32 37 10 4 3 1
32 553 3 1 1 1
32 661 3 1 1 1
32 385 3 5 2 1
32 100 3 2 3 1
32 662 3 4 1 1
32 663 3 5 2 1
32 55 11 4 2 1
32 664 10 3 3 1
32 665 11 5 3 1
32 666 11 3 1 1
32 667 1 5 1 1
32 668 19 5 1 1
32 669 14 5 1 1
32 670 10 5 2 1
32 671 10 4 3 1
32 672 11 5 3 1
32 673 4 3 2 1
32 674 11 5 1 1
32 487 19 3 2 1
32 675 19 3 1 1
32 676 10 5 1 1
32 677 10 4 3 1
32 678 11 5 3 1
32 679 11 5 3 1
33 680 4 5 2 7
33 681 4 3 2 7
33 682 18 5 2 7
33 683 4 4 2 7
33 684 11 2 2 7
33 685 4 5 2 7
33 686 4 4 2 7
33 687 3 4 2 7
33 688 4 5 2 7
33 689 4 5 2 2
33 690 8 3 2 2
33 691 15 3 2 2
33 692 14 5 2 2
33 693 3 5 2 2
33 694 10 5 2 1
33 695 19 5 2 1
33 696 4 2 2 1
33 697 11 5 2 1
33 698 12 5 2 1
33 699 3 5 2 1
33 700 19 2 2 1
33 701 5 4 1 1
33 386 14 1 1 1
33 702 4 5 2 1
33 703 15 5 1 1
34 373 10 4 1 1
34 704 10 5 3 1
34 705 10 5 3 1
34 706 10 1 1 1
34 707 10 5 1 1
34 708 10 4 1 1
34 705 10 4 1 1
34 709 10 4 1 1
34 710 10 3 3 1
34 711 10 5 3 1
34 704 10 2 1 1
34 712 10 4 2 1
35 713 9 5 2 3
35 714 7 4 1 3
35 715 9 3 2 3
35 716 7 4 2 3
35 717 7 4 2 3
35 718 9 4 2 3
35 719 7 4 2 3
35 720 9 4 2 2
35 721 9 4 1 2
35 722 7 3 2 2
35 723 7 3 2 2
35 724 7 4 2 2
35 725 7 3 2 2
35 726 9 4 2 2
35 727 9 3 2 2
35 728 7 5 1 2
35 729 9 3 2 2
35 730 7 4 1 2
35 731 7 5 2 2
35 732 7 4 2 2
35 733 9 4 2 2
35 734 9 4 2 2
35 735 2 2 2 2
35 736 7 4 2 2
35 737 9 4 2 2
35 738 7 4 2 2
35 739 9 2 1 2
35 740 2 4 1 2
35 741 9 3 2 2
35 742 7 4 2 2
35 743 7 4 2 2
35 744 9 4 2 2
35 745 7 4 1 2
35 746 9 3 2 2
35 747 7 5 2 2
35 748 2 4 2 2
35 749 21 4 2 2
35 750 9 4 2 2
35 751 9 4 1 2
35 575 7 5 3 2
35 752 9 4 2 2
35 753 21 4 2 2
35 754 9 3 2 2
35 755 9 5 2 2
35 756 7 5 2 2
35 757 9 4 2 2
35 758 9 5 2 2
35 759 7 3 2 2
35 760 9 4 2 2
35 761 21 4 2 2
35 762 7 4 2 2
35 763 9 3 1 2
35 764 7 5 2 2
35 765 9 4 2 2
35 766 9 3 2 2
35 767 7 4 2 2
35 768 9 4 1 2
35 769 9 4 2 2
35 770 9 5 1 2
35 771 7 4 2 2
35 772 9 3 2 2
35 773 7 4 2 2
35 774 9 4 2 2
35 775 9 4 2 2
35 776 7 5 2 2
35 777 7 3 2 2
35 778 7 3 1 2
35 779 7 4 2 2
35 780 7 4 2 2
35 781 7 4 2 2
35 782 9 4 2 2
35 783 9 3 2 2
35 784 9 4 1 2
35 785 9 3 2 2
35 786 9 4 2 2
35 787 9 4 2 2
35 788 9 4 2 2
35 789 7 3 2 2
35 790 7 4 1 2
35 791 7 5 2 2
35 792 9 4 2 2
35 793 7 5 2 2
35 794 9 4 2 2
35 795 9 3 2 1
35 796 7 4 2 1
35 797 7 5 1 1
35 798 7 4 1 1
35 799 7 4 1 1
35 800 7 4 2 1
35 801 7 3 2 1
36 802 2 5 2 1
36 803 1 1 1 1
36 804 4 5 2 1
36 805 2 4 2 1
36 802 2 5 1 1
36 806 2 4 2 1
36 807 2 5 2 1
36 808 19 1 3 1
36 809 1 5 1 1
36 810 2 4 2 1
36 811 2 5 2 1
36 812 11 5 1 1
36 813 2 4 2 1
36 487 19 5 2 1
36 814 2 4 2 1
36 815 4 5 2 1
36 816 11 2 2 1
36 817 2 5 2 1
36 818 1 1 3 1
36 819 1 1 2 1
36 820 2 5 2 1
36 821 9 5 2 1
36 822 9 5 2 1
36 823 1 1 3 1
36 451 14 2 2 1
36 824 3 5 2 1
36 122 1 1 3 1
36 825 5 3 3 1
36 826 14 4 2 1
36 827 19 4 3 1
36 828 19 2 3 1
36 829 3 5 2 1
36 819 1 1 2 1
36 2 2 5 2 1
36 830 2 4 2 1
36 831 19 5 1 1
36 832 2 3 2 1
36 833 19 2 3 1
36 834 19 1 2 1
36 835 19 2 2 1
36 836 3 1 1 1
36 51 1 3 1 1
36 128 2 5 2 1
36 837 13 4 1 1
36 838 2 4 1 1
36 839 3 4 1 1
36 840 2 5 2 1
36 841 2 4 2 1
36 830 2 5 2 1
36 840 2 5 2 1
36 842 12 4 2 1
36 841 2 4 1 1
37 843 6 4 1 8
37 844 3 4 3 3
37 845 4 5 3 2
37 846 9 5 3 1
37 847 15 5 3 1
37 848 18 5 3 1
37 849 10 5 3 1
37 850 18 4 3 1
37 851 1 5 1 1
37 852 2 5 1 1
37 853 8 5 1 1
37 854 8 5 1 1
37 855 10 5 1 1
37 856 11 5 1 1
38 857 23 5 3 4
38 858 9 5 3 3
38 859 9 5 3 3
38 860 9 4 3 2
38 861 19 4 1 1
38 862 19 2 1 1
38 863 19 5 1 1
38 864 19 4 1 1
38 865 7 4 1 1
38 866 9 5 1 1
38 867 9 2 1 1
38 868 9 4 1 1
38 869 9 4 1 1
39 870 15 5 4 4
39 871 10 5 3 3
39 872 4 3 3 2
39 873 10 5 3 1
39 118 11 3 1 1
39 874 10 5 3 1
39 875 10 4 3 1
39 876 10 3 1 1
39 877 4 3 3 1
39 878 3 5 3 1
39 556 10 5 3 1
39 879 10 3 3 1
39 183 10 4 3 1
39 880 10 4 3 1
39 881 15 5 3 1
39 882 10 5 1 1
39 875 10 5 3 1
39 883 3 5 3 1
39 884 10 5 3 1
39 873 10 5 3 1
39 280 1 1 3 1
39 556 10 5 1 1
39 885 3 3 1 1
39 886 3 4 1 1
39 887 10 5 3 1
39 888 10 5 3 1
39 889 14 2 3 1
39 890 1 2 1 1
39 891 3 5 2 1
39 892 3 3 5 1
39 893 3 5 3 1
39 540 10 5 3 1
39 894 10 5 3 1
39 369 1 5 3 1
39 895 4 4 3 1
39 896 19 5 3 1
39 451 14 5 2 1
39 897 4 4 3 1
39 898 10 4 2 1
39 899 5 4 2 1
39 876 10 2 1 1
39 900 2 3 3 1
39 901 2 5 3 1
39 902 10 4 1 1
39 653 10 5 3 1
39 903 2 4 1 1
39 904 10 4 3 1
39 148 10 5 1 1
39 905 4 5 3 1
39 888 10 5 1 1
39 906 10 5 3 1
39 643 3 4 3 1
40 907 11 4 2 5
40 908 18 4 2 4
40 909 5 4 2 3
40 910 1 5 2 3
40 911 3 5 2 3
40 912 8 5 2 3
40 913 18 5 2 2
40 914 4 5 2 2
40 915 5 2 2 2
40 916 12 4 2 2
40 917 3 2 2 2
40 918 8 5 2 2
40 919 10 5 2 1
40 920 3 5 2 1
40 117 3 3 2 1
40 921 5 5 2 1
40 922 11 5 2 1
40 923 9 5 2 1
40 924 24 2 2 1
